gs 2 10000 1 100 1 1 1
gs 4 10000 1 100 1 1 1
gs 8 10000 1 100 1 1 1
gs 2 10000 1 100 5 1 1
gs 4 10000 1 100 5 1 1
gs 8 10000 1 100 5 1 1
gs 2 10000 1 100 1 1 5
gs 4 10000 1 100 1 1 5
gs 8 10000 1 100 1 1 5
gs 2 10000 1 100 5 1 5
gs 4 10000 1 100 5 1 5
gs 8 10000 1 100 5 1 5
vq 2 10000 1 100 1 5 1
vq 4 10000 1 100 1 5 1
vq 8 10000 1 100 1 5 1
vq 2 10000 1 100 1 10 1
vq 4 10000 1 100 1 10 1
vq 8 10000 1 100 1 10 1
vq 2 10000 1 100 1 5 5
vq 4 10000 1 100 1 5 5
vq 8 10000 1 100 1 5 5
vq 2 10000 1 100 1 10 5
vq 4 10000 1 100 1 10 5
vq 8 10000 1 100 1 10 5
gs 2 10000 2 100 1 1 1
gs 4 10000 2 100 1 1 1
gs 8 10000 2 100 1 1 1
gs 2 10000 2 100 5 1 1
gs 4 10000 2 100 5 1 1
gs 8 10000 2 100 5 1 1
gs 2 10000 2 100 1 1 5
gs 4 10000 2 100 1 1 5
gs 8 10000 2 100 1 1 5
gs 2 10000 2 100 5 1 5
gs 4 10000 2 100 5 1 5
gs 8 10000 2 100 5 1 5
vq 2 10000 2 100 1 5 1
vq 4 10000 2 100 1 5 1
vq 8 10000 2 100 1 5 1
vq 2 10000 2 100 1 10 1
vq 4 10000 2 100 1 10 1
vq 8 10000 2 100 1 10 1
vq 2 10000 2 100 1 5 5
vq 4 10000 2 100 1 5 5
vq 8 10000 2 100 1 5 5
vq 2 10000 2 100 1 10 5
vq 4 10000 2 100 1 10 5
vq 8 10000 2 100 1 10 5
gs 2 10000 3 100 1 1 1
gs 4 10000 3 100 1 1 1
gs 8 10000 3 100 1 1 1
gs 2 10000 3 100 5 1 1
gs 4 10000 3 100 5 1 1
gs 8 10000 3 100 5 1 1
gs 2 10000 3 100 1 1 5
gs 4 10000 3 100 1 1 5
gs 8 10000 3 100 1 1 5
gs 2 10000 3 100 5 1 5
gs 4 10000 3 100 5 1 5
gs 8 10000 3 100 5 1 5
vq 2 10000 3 100 1 5 1
vq 4 10000 3 100 1 5 1
vq 8 10000 3 100 1 5 1
vq 2 10000 3 100 1 10 1
vq 4 10000 3 100 1 10 1
vq 8 10000 3 100 1 10 1
vq 2 10000 3 100 1 5 5
vq 4 10000 3 100 1 5 5
vq 8 10000 3 100 1 5 5
vq 2 10000 3 100 1 10 5
vq 4 10000 3 100 1 10 5
vq 8 10000 3 100 1 10 5
gs 2 10000 4 100 1 1 1
gs 4 10000 4 100 1 1 1
gs 8 10000 4 100 1 1 1
gs 2 10000 4 100 5 1 1
gs 4 10000 4 100 5 1 1
gs 8 10000 4 100 5 1 1
gs 2 10000 4 100 1 1 5
gs 4 10000 4 100 1 1 5
gs 8 10000 4 100 1 1 5
gs 2 10000 4 100 5 1 5
gs 4 10000 4 100 5 1 5
gs 8 10000 4 100 5 1 5
vq 2 10000 4 100 1 5 1
vq 4 10000 4 100 1 5 1
vq 8 10000 4 100 1 5 1
vq 2 10000 4 100 1 10 1
vq 4 10000 4 100 1 10 1
vq 8 10000 4 100 1 10 1
vq 2 10000 4 100 1 5 5
vq 4 10000 4 100 1 5 5
vq 8 10000 4 100 1 5 5
vq 2 10000 4 100 1 10 5
vq 4 10000 4 100 1 10 5
vq 8 10000 4 100 1 10 5
gs 2 10000 5 100 1 1 1
gs 4 10000 5 100 1 1 1
gs 8 10000 5 100 1 1 1
gs 2 10000 5 100 5 1 1
gs 4 10000 5 100 5 1 1
gs 8 10000 5 100 5 1 1
gs 2 10000 5 100 1 1 5
gs 4 10000 5 100 1 1 5
gs 8 10000 5 100 1 1 5
gs 2 10000 5 100 5 1 5
gs 4 10000 5 100 5 1 5
gs 8 10000 5 100 5 1 5
vq 2 10000 5 100 1 5 1
vq 4 10000 5 100 1 5 1
vq 8 10000 5 100 1 5 1
vq 2 10000 5 100 1 10 1
vq 4 10000 5 100 1 10 1
vq 8 10000 5 100 1 10 1
vq 2 10000 5 100 1 5 5
vq 4 10000 5 100 1 5 5
vq 8 10000 5 100 1 5 5
vq 2 10000 5 100 1 10 5
vq 4 10000 5 100 1 10 5
vq 8 10000 5 100 1 10 5
gs 2 10000 6 100 1 1 1
gs 4 10000 6 100 1 1 1
gs 8 10000 6 100 1 1 1
gs 2 10000 6 100 5 1 1
gs 4 10000 6 100 5 1 1
gs 8 10000 6 100 5 1 1
gs 2 10000 6 100 1 1 5
gs 4 10000 6 100 1 1 5
gs 8 10000 6 100 1 1 5
gs 2 10000 6 100 5 1 5
gs 4 10000 6 100 5 1 5
gs 8 10000 6 100 5 1 5
vq 2 10000 6 100 1 5 1
vq 4 10000 6 100 1 5 1
vq 8 10000 6 100 1 5 1
vq 2 10000 6 100 1 10 1
vq 4 10000 6 100 1 10 1
vq 8 10000 6 100 1 10 1
vq 2 10000 6 100 1 5 5
vq 4 10000 6 100 1 5 5
vq 8 10000 6 100 1 5 5
vq 2 10000 6 100 1 10 5
vq 4 10000 6 100 1 10 5
vq 8 10000 6 100 1 10 5
gs 2 10000 7 100 1 1 1
gs 4 10000 7 100 1 1 1
gs 8 10000 7 100 1 1 1
gs 2 10000 7 100 5 1 1
gs 4 10000 7 100 5 1 1
gs 8 10000 7 100 5 1 1
gs 2 10000 7 100 1 1 5
gs 4 10000 7 100 1 1 5
gs 8 10000 7 100 1 1 5
gs 2 10000 7 100 5 1 5
gs 4 10000 7 100 5 1 5
gs 8 10000 7 100 5 1 5
vq 2 10000 7 100 1 5 1
vq 4 10000 7 100 1 5 1
vq 8 10000 7 100 1 5 1
vq 2 10000 7 100 1 10 1
vq 4 10000 7 100 1 10 1
vq 8 10000 7 100 1 10 1
vq 2 10000 7 100 1 5 5
vq 4 10000 7 100 1 5 5
vq 8 10000 7 100 1 5 5
vq 2 10000 7 100 1 10 5
vq 4 10000 7 100 1 10 5
vq 8 10000 7 100 1 10 5
gs 2 10000 8 100 1 1 1
gs 4 10000 8 100 1 1 1
gs 8 10000 8 100 1 1 1
gs 2 10000 8 100 5 1 1
gs 4 10000 8 100 5 1 1
gs 8 10000 8 100 5 1 1
gs 2 10000 8 100 1 1 5
gs 4 10000 8 100 1 1 5
gs 8 10000 8 100 1 1 5
gs 2 10000 8 100 5 1 5
gs 4 10000 8 100 5 1 5
gs 8 10000 8 100 5 1 5
vq 2 10000 8 100 1 5 1
vq 4 10000 8 100 1 5 1
vq 8 10000 8 100 1 5 1
vq 2 10000 8 100 1 10 1
vq 4 10000 8 100 1 10 1
vq 8 10000 8 100 1 10 1
vq 2 10000 8 100 1 5 5
vq 4 10000 8 100 1 5 5
vq 8 10000 8 100 1 5 5
vq 2 10000 8 100 1 10 5
vq 4 10000 8 100 1 10 5
vq 8 10000 8 100 1 10 5
gs 2 10000 9 100 1 1 1
gs 4 10000 9 100 1 1 1
gs 8 10000 9 100 1 1 1
gs 2 10000 9 100 5 1 1
gs 4 10000 9 100 5 1 1
gs 8 10000 9 100 5 1 1
gs 2 10000 9 100 1 1 5
gs 4 10000 9 100 1 1 5
gs 8 10000 9 100 1 1 5
gs 2 10000 9 100 5 1 5
gs 4 10000 9 100 5 1 5
gs 8 10000 9 100 5 1 5
vq 2 10000 9 100 1 5 1
vq 4 10000 9 100 1 5 1
vq 8 10000 9 100 1 5 1
vq 2 10000 9 100 1 10 1
vq 4 10000 9 100 1 10 1
vq 8 10000 9 100 1 10 1
vq 2 10000 9 100 1 5 5
vq 4 10000 9 100 1 5 5
vq 8 10000 9 100 1 5 5
vq 2 10000 9 100 1 10 5
vq 4 10000 9 100 1 10 5
vq 8 10000 9 100 1 10 5
gs 2 10000 10 100 1 1 1
gs 4 10000 10 100 1 1 1
gs 8 10000 10 100 1 1 1
gs 2 10000 10 100 5 1 1
gs 4 10000 10 100 5 1 1
gs 8 10000 10 100 5 1 1
gs 2 10000 10 100 1 1 5
gs 4 10000 10 100 1 1 5
gs 8 10000 10 100 1 1 5
gs 2 10000 10 100 5 1 5
gs 4 10000 10 100 5 1 5
gs 8 10000 10 100 5 1 5
vq 2 10000 10 100 1 5 1
vq 4 10000 10 100 1 5 1
vq 8 10000 10 100 1 5 1
vq 2 10000 10 100 1 10 1
vq 4 10000 10 100 1 10 1
vq 8 10000 10 100 1 10 1
vq 2 10000 10 100 1 5 5
vq 4 10000 10 100 1 5 5
vq 8 10000 10 100 1 5 5
vq 2 10000 10 100 1 10 5
vq 4 10000 10 100 1 10 5
vq 8 10000 10 100 1 10 5
gs 2 10000 11 100 1 1 1
gs 4 10000 11 100 1 1 1
gs 8 10000 11 100 1 1 1
gs 2 10000 11 100 5 1 1
gs 4 10000 11 100 5 1 1
gs 8 10000 11 100 5 1 1
gs 2 10000 11 100 1 1 5
gs 4 10000 11 100 1 1 5
gs 8 10000 11 100 1 1 5
gs 2 10000 11 100 5 1 5
gs 4 10000 11 100 5 1 5
gs 8 10000 11 100 5 1 5
vq 2 10000 11 100 1 5 1
vq 4 10000 11 100 1 5 1
vq 8 10000 11 100 1 5 1
vq 2 10000 11 100 1 10 1
vq 4 10000 11 100 1 10 1
vq 8 10000 11 100 1 10 1
vq 2 10000 11 100 1 5 5
vq 4 10000 11 100 1 5 5
vq 8 10000 11 100 1 5 5
vq 2 10000 11 100 1 10 5
vq 4 10000 11 100 1 10 5
vq 8 10000 11 100 1 10 5
gs 2 10000 12 100 1 1 1
gs 4 10000 12 100 1 1 1
gs 8 10000 12 100 1 1 1
gs 2 10000 12 100 5 1 1
gs 4 10000 12 100 5 1 1
gs 8 10000 12 100 5 1 1
gs 2 10000 12 100 1 1 5
gs 4 10000 12 100 1 1 5
gs 8 10000 12 100 1 1 5
gs 2 10000 12 100 5 1 5
gs 4 10000 12 100 5 1 5
gs 8 10000 12 100 5 1 5
vq 2 10000 12 100 1 5 1
vq 4 10000 12 100 1 5 1
vq 8 10000 12 100 1 5 1
vq 2 10000 12 100 1 10 1
vq 4 10000 12 100 1 10 1
vq 8 10000 12 100 1 10 1
vq 2 10000 12 100 1 5 5
vq 4 10000 12 100 1 5 5
vq 8 10000 12 100 1 5 5
vq 2 10000 12 100 1 10 5
vq 4 10000 12 100 1 10 5
vq 8 10000 12 100 1 10 5
gs 2 10000 13 100 1 1 1
gs 4 10000 13 100 1 1 1
gs 8 10000 13 100 1 1 1
gs 2 10000 13 100 5 1 1
gs 4 10000 13 100 5 1 1
gs 8 10000 13 100 5 1 1
gs 2 10000 13 100 1 1 5
gs 4 10000 13 100 1 1 5
gs 8 10000 13 100 1 1 5
gs 2 10000 13 100 5 1 5
gs 4 10000 13 100 5 1 5
gs 8 10000 13 100 5 1 5
vq 2 10000 13 100 1 5 1
vq 4 10000 13 100 1 5 1
vq 8 10000 13 100 1 5 1
vq 2 10000 13 100 1 10 1
vq 4 10000 13 100 1 10 1
vq 8 10000 13 100 1 10 1
vq 2 10000 13 100 1 5 5
vq 4 10000 13 100 1 5 5
vq 8 10000 13 100 1 5 5
vq 2 10000 13 100 1 10 5
vq 4 10000 13 100 1 10 5
vq 8 10000 13 100 1 10 5
gs 2 10000 14 100 1 1 1
gs 4 10000 14 100 1 1 1
gs 8 10000 14 100 1 1 1
gs 2 10000 14 100 5 1 1
gs 4 10000 14 100 5 1 1
gs 8 10000 14 100 5 1 1
gs 2 10000 14 100 1 1 5
gs 4 10000 14 100 1 1 5
gs 8 10000 14 100 1 1 5
gs 2 10000 14 100 5 1 5
gs 4 10000 14 100 5 1 5
gs 8 10000 14 100 5 1 5
vq 2 10000 14 100 1 5 1
vq 4 10000 14 100 1 5 1
vq 8 10000 14 100 1 5 1
vq 2 10000 14 100 1 10 1
vq 4 10000 14 100 1 10 1
vq 8 10000 14 100 1 10 1
vq 2 10000 14 100 1 5 5
vq 4 10000 14 100 1 5 5
vq 8 10000 14 100 1 5 5
vq 2 10000 14 100 1 10 5
vq 4 10000 14 100 1 10 5
vq 8 10000 14 100 1 10 5
gs 2 10000 15 100 1 1 1
gs 4 10000 15 100 1 1 1
gs 8 10000 15 100 1 1 1
gs 2 10000 15 100 5 1 1
gs 4 10000 15 100 5 1 1
gs 8 10000 15 100 5 1 1
gs 2 10000 15 100 1 1 5
gs 4 10000 15 100 1 1 5
gs 8 10000 15 100 1 1 5
gs 2 10000 15 100 5 1 5
gs 4 10000 15 100 5 1 5
gs 8 10000 15 100 5 1 5
vq 2 10000 15 100 1 5 1
vq 4 10000 15 100 1 5 1
vq 8 10000 15 100 1 5 1
vq 2 10000 15 100 1 10 1
vq 4 10000 15 100 1 10 1
vq 8 10000 15 100 1 10 1
vq 2 10000 15 100 1 5 5
vq 4 10000 15 100 1 5 5
vq 8 10000 15 100 1 5 5
vq 2 10000 15 100 1 10 5
vq 4 10000 15 100 1 10 5
vq 8 10000 15 100 1 10 5
gs 2 10000 16 100 1 1 1
gs 4 10000 16 100 1 1 1
gs 8 10000 16 100 1 1 1
gs 2 10000 16 100 5 1 1
gs 4 10000 16 100 5 1 1
gs 8 10000 16 100 5 1 1
gs 2 10000 16 100 1 1 5
gs 4 10000 16 100 1 1 5
gs 8 10000 16 100 1 1 5
gs 2 10000 16 100 5 1 5
gs 4 10000 16 100 5 1 5
gs 8 10000 16 100 5 1 5
vq 2 10000 16 100 1 5 1
vq 4 10000 16 100 1 5 1
vq 8 10000 16 100 1 5 1
vq 2 10000 16 100 1 10 1
vq 4 10000 16 100 1 10 1
vq 8 10000 16 100 1 10 1
vq 2 10000 16 100 1 5 5
vq 4 10000 16 100 1 5 5
vq 8 10000 16 100 1 5 5
vq 2 10000 16 100 1 10 5
vq 4 10000 16 100 1 10 5
vq 8 10000 16 100 1 10 5
gs 2 10000 17 100 1 1 1
gs 4 10000 17 100 1 1 1
gs 8 10000 17 100 1 1 1
gs 2 10000 17 100 5 1 1
gs 4 10000 17 100 5 1 1
gs 8 10000 17 100 5 1 1
gs 2 10000 17 100 1 1 5
gs 4 10000 17 100 1 1 5
gs 8 10000 17 100 1 1 5
gs 2 10000 17 100 5 1 5
gs 4 10000 17 100 5 1 5
gs 8 10000 17 100 5 1 5
vq 2 10000 17 100 1 5 1
vq 4 10000 17 100 1 5 1
vq 8 10000 17 100 1 5 1
vq 2 10000 17 100 1 10 1
vq 4 10000 17 100 1 10 1
vq 8 10000 17 100 1 10 1
vq 2 10000 17 100 1 5 5
vq 4 10000 17 100 1 5 5
vq 8 10000 17 100 1 5 5
vq 2 10000 17 100 1 10 5
vq 4 10000 17 100 1 10 5
vq 8 10000 17 100 1 10 5
gs 2 10000 18 100 1 1 1
gs 4 10000 18 100 1 1 1
gs 8 10000 18 100 1 1 1
gs 2 10000 18 100 5 1 1
gs 4 10000 18 100 5 1 1
gs 8 10000 18 100 5 1 1
gs 2 10000 18 100 1 1 5
gs 4 10000 18 100 1 1 5
gs 8 10000 18 100 1 1 5
gs 2 10000 18 100 5 1 5
gs 4 10000 18 100 5 1 5
gs 8 10000 18 100 5 1 5
vq 2 10000 18 100 1 5 1
vq 4 10000 18 100 1 5 1
vq 8 10000 18 100 1 5 1
vq 2 10000 18 100 1 10 1
vq 4 10000 18 100 1 10 1
vq 8 10000 18 100 1 10 1
vq 2 10000 18 100 1 5 5
vq 4 10000 18 100 1 5 5
vq 8 10000 18 100 1 5 5
vq 2 10000 18 100 1 10 5
vq 4 10000 18 100 1 10 5
vq 8 10000 18 100 1 10 5
gs 2 10000 19 100 1 1 1
gs 4 10000 19 100 1 1 1
gs 8 10000 19 100 1 1 1
gs 2 10000 19 100 5 1 1
gs 4 10000 19 100 5 1 1
gs 8 10000 19 100 5 1 1
gs 2 10000 19 100 1 1 5
gs 4 10000 19 100 1 1 5
gs 8 10000 19 100 1 1 5
gs 2 10000 19 100 5 1 5
gs 4 10000 19 100 5 1 5
gs 8 10000 19 100 5 1 5
vq 2 10000 19 100 1 5 1
vq 4 10000 19 100 1 5 1
vq 8 10000 19 100 1 5 1
vq 2 10000 19 100 1 10 1
vq 4 10000 19 100 1 10 1
vq 8 10000 19 100 1 10 1
vq 2 10000 19 100 1 5 5
vq 4 10000 19 100 1 5 5
vq 8 10000 19 100 1 5 5
vq 2 10000 19 100 1 10 5
vq 4 10000 19 100 1 10 5
vq 8 10000 19 100 1 10 5
gs 2 10000 20 100 1 1 1
gs 4 10000 20 100 1 1 1
gs 8 10000 20 100 1 1 1
gs 2 10000 20 100 5 1 1
gs 4 10000 20 100 5 1 1
gs 8 10000 20 100 5 1 1
gs 2 10000 20 100 1 1 5
gs 4 10000 20 100 1 1 5
gs 8 10000 20 100 1 1 5
gs 2 10000 20 100 5 1 5
gs 4 10000 20 100 5 1 5
gs 8 10000 20 100 5 1 5
vq 2 10000 20 100 1 5 1
vq 4 10000 20 100 1 5 1
vq 8 10000 20 100 1 5 1
vq 2 10000 20 100 1 10 1
vq 4 10000 20 100 1 10 1
vq 8 10000 20 100 1 10 1
vq 2 10000 20 100 1 5 5
vq 4 10000 20 100 1 5 5
vq 8 10000 20 100 1 5 5
vq 2 10000 20 100 1 10 5
vq 4 10000 20 100 1 10 5
vq 8 10000 20 100 1 10 5
