vq 0.005 0.9999 1 1
vq 0.005 0.9999 2 1
vq 0.005 0.9999 3 1
vq 0.005 0.9999 4 1
vq 0.005 0.9999 5 1
vq 0.005 0.9999 6 1
vq 0.005 0.9999 7 1
vq 0.005 0.9999 8 1
vq 0.005 0.9999 9 1
vq 0.005 0.9999 10 1
vq 0.005 0.9999 11 1
vq 0.005 0.9999 12 1
vq 0.005 0.9999 13 1
vq 0.005 0.9999 14 1
vq 0.005 0.9999 15 1
vq 0.005 0.9999 16 1
vq 0.005 0.9999 17 1
vq 0.005 0.9999 18 1
vq 0.005 0.9999 19 1
vq 0.005 0.9999 20 1
vq 0.005 0.9999 21 1
vq 0.005 0.9999 22 1
vq 0.005 0.9999 23 1
vq 0.005 0.9999 24 1
vq 0.005 0.9999 25 1
vq 0.005 0.9999 26 1
vq 0.005 0.9999 27 1
vq 0.005 0.9999 28 1
vq 0.005 0.9999 29 1
vq 0.005 0.9999 30 1
vq 0.005 0.9999 31 1
vq 0.005 0.9999 32 1
vq 0.005 0.9999 33 1
vq 0.005 0.9999 34 1
vq 0.005 0.9999 35 1
vq 0.005 0.9999 36 1
vq 0.005 0.9999 37 1
vq 0.005 0.9999 38 1
vq 0.005 0.9999 39 1
vq 0.005 0.9999 40 1
vq 0.005 0.9999 41 1
vq 0.005 0.9999 42 1
vq 0.005 0.9999 43 1
vq 0.005 0.9999 44 1
vq 0.005 0.9999 45 1
vq 0.005 0.9999 46 1
vq 0.005 0.9999 47 1
vq 0.005 0.9999 48 1
vq 0.005 0.9999 49 1
vq 0.005 0.9999 50 1
vq 0.005 0.9999 1 10
vq 0.005 0.9999 2 10
vq 0.005 0.9999 3 10
vq 0.005 0.9999 4 10
vq 0.005 0.9999 5 10
vq 0.005 0.9999 6 10
vq 0.005 0.9999 7 10
vq 0.005 0.9999 8 10
vq 0.005 0.9999 9 10
vq 0.005 0.9999 10 10
vq 0.005 0.9999 11 10
vq 0.005 0.9999 12 10
vq 0.005 0.9999 13 10
vq 0.005 0.9999 14 10
vq 0.005 0.9999 15 10
vq 0.005 0.9999 16 10
vq 0.005 0.9999 17 10
vq 0.005 0.9999 18 10
vq 0.005 0.9999 19 10
vq 0.005 0.9999 20 10
vq 0.005 0.9999 21 10
vq 0.005 0.9999 22 10
vq 0.005 0.9999 23 10
vq 0.005 0.9999 24 10
vq 0.005 0.9999 25 10
vq 0.005 0.9999 26 10
vq 0.005 0.9999 27 10
vq 0.005 0.9999 28 10
vq 0.005 0.9999 29 10
vq 0.005 0.9999 30 10
vq 0.005 0.9999 31 10
vq 0.005 0.9999 32 10
vq 0.005 0.9999 33 10
vq 0.005 0.9999 34 10
vq 0.005 0.9999 35 10
vq 0.005 0.9999 36 10
vq 0.005 0.9999 37 10
vq 0.005 0.9999 38 10
vq 0.005 0.9999 39 10
vq 0.005 0.9999 40 10
vq 0.005 0.9999 41 10
vq 0.005 0.9999 42 10
vq 0.005 0.9999 43 10
vq 0.005 0.9999 44 10
vq 0.005 0.9999 45 10
vq 0.005 0.9999 46 10
vq 0.005 0.9999 47 10
vq 0.005 0.9999 48 10
vq 0.005 0.9999 49 10
vq 0.005 0.9999 50 10
